3.827131779428420123e+05 -3.477142336146339178e+08 1.963676149957761765e+08 2.953561997221342847e+07 -7.323179576097530000e+15 -5.386443965318050236e+06
-3.477142336146339178e+08 1.602452061635819580e+12 -4.494993148211128540e+11 -1.261489623319643555e+11 3.160042087635340493e+19 -6.802840497212564850e+10
1.963676149957761765e+08 -4.494993148211128540e+11 2.653800101997601624e+11 8.580099866310400391e+10 -2.148719410382482227e+19 2.578126107204801941e+10
2.953561997221342847e+07 -1.261489623319643555e+11 8.580099866310400391e+10 3.698159285124350739e+10 -9.262451395829663744e+18 9.883818267401287079e+09
-7.323179576097530000e+15 3.160042087635340493e+19 -2.148719410382482227e+19 -9.262451395829663744e+18 2.320977874274668436e+27 -2.499286248281311232e+18
-5.386443965318050236e+06 -6.802840497212564850e+10 2.578126107204801941e+10 9.883818267401287079e+09 -2.499286248281311232e+18 6.740907995086933136e+09
