3.269093037580917589e+05 -3.360001418408520818e+08 1.588961844696100056e+08 2.691345318908585235e+07 -6.493051315518514000e+15 -5.010480240006471984e+06
-3.360001418408520818e+08 1.696201823455827148e+12 -4.269723684009194946e+11 -1.313196422378581848e+11 3.213285667795173376e+19 -7.053305466384335327e+10
1.588961844696100056e+08 -4.269723684009194946e+11 2.189612513263509827e+11 7.788959057450959778e+10 -1.905006373448687206e+19 2.333656064920335007e+10
2.691345318908585235e+07 -1.313196422378581848e+11 7.788959057450959778e+10 3.583355603674337006e+10 -8.764985059543897088e+18 9.517193639766408920e+09
-6.493051315518514000e+15 3.213285667795173376e+19 -1.905006373448687206e+19 -8.764985059543897088e+18 2.145483999159054840e+27 -2.358926432949455872e+18
-5.010480240006471984e+06 -7.053305466384335327e+10 2.333656064920335007e+10 9.517193639766408920e+09 -2.358926432949455872e+18 6.591203194478311539e+09
